Who has the ultimate tastes (distance from average)
Zozo:  3.1517857142857144
Kamishiro:  3.2357142857142858
Konomi:  3.3714285714285714
Anon:  3.585714285714286
EruisKawaii:  3.705357142857143
wswsasd:  3.725
kar72:  3.780357142857143
SaroArsten:  3.7875
Kiki:  3.8232142857142857
Revel:  3.8285714285714287
Kazso:  3.8339285714285714
Penguin:  3.914285714285714
ShiroKuro:  4.242857142857143
Hayato:  4.351785714285715
husa:  4.473214285714286
eggsdee:  4.7821428571428575



Who has the ultimate tastes (distance from rank)
Zozo:  3.057142857142857
Kamishiro:  3.3142857142857145
Konomi:  3.7714285714285714
Kiki:  3.857142857142857
Penguin:  3.942857142857143
EruisKawaii:  4.0
Anon:  4.0
wswsasd:  4.0285714285714285
Revel:  4.257142857142857
Kazso:  4.4
SaroArsten:  4.428571428571429
kar72:  4.571428571428571
ShiroKuro:  4.714285714285714
husa:  4.8
Hayato:  4.9714285714285715
eggsdee:  5.6

