Who has the ultimate tastes (distance from average)
FayeurS:  0.725
kar72:  0.7892857142857143
Rukawa:  0.8035714285714286
Anon:  0.8517857142857143
Shuuka:  0.8964285714285715
Hayato:  0.9017857142857143
chroma69:  0.9178571428571428
EruisKawaii:  0.9821428571428571
Deafness:  0.9857142857142858
Miye:  0.9875
wswsasd:  1.0035714285714286
ShiroKuro:  1.042857142857143
SaroArsten:  1.0875
GyroInmobile:  1.1339285714285714
Goblerino:  1.2035714285714285
likejaxirl:  1.2410714285714286



Who has the ultimate tastes (distance from rank)
FayeurS:  0.6857142857142857
Rukawa:  0.8285714285714286
kar72:  0.8571428571428571
Anon:  0.8857142857142857
chroma69:  0.8857142857142857
Shuuka:  0.9428571428571428
ShiroKuro:  1.0
Hayato:  1.0285714285714285
Deafness:  1.0857142857142856
Miye:  1.1142857142857143
EruisKawaii:  1.2
wswsasd:  1.2285714285714286
SaroArsten:  1.2571428571428571
GyroInmobile:  1.3714285714285714
Goblerino:  1.5142857142857142
likejaxirl:  1.542857142857143

