Who has the ultimate tastes (distance from average)
Yokipi:  0.8089285714285714
kar72:  0.8339285714285715
Satori:  0.8553571428571428
Deafness:  0.8696428571428572
husa:  0.8785714285714286
kaez:  0.8928571428571429
Hayato:  0.9339285714285714
EruisKawaii:  0.9678571428571429
Miye:  0.9803571428571428
wswsasd:  1.0035714285714286
MusicDown:  1.0660714285714286
ShiroKuro:  1.0928571428571427
Goblerino:  1.1553571428571427
GyroInmobile:  1.1857142857142857
Blackwind9:  1.2178571428571427
likejaxirl:  1.6607142857142858



Who has the ultimate tastes (distance from rank)
husa:  0.6857142857142857
Satori:  0.7714285714285715
kar72:  0.8285714285714286
Hayato:  0.9142857142857143
Yokipi:  0.9142857142857143
kaez:  0.9142857142857143
Deafness:  0.9714285714285714
Miye:  1.0285714285714285
EruisKawaii:  1.1142857142857143
wswsasd:  1.1428571428571428
MusicDown:  1.2285714285714286
ShiroKuro:  1.4
Goblerino:  1.4
GyroInmobile:  1.4285714285714286
Blackwind9:  1.457142857142857
likejaxirl:  1.9142857142857144
