Who has the ultimate tastes (distance from average)
asleep:  0.41785714285714287
Shuuka:  0.41785714285714287
Deafness:  0.4392857142857143
oh95:  0.4446428571428571
shadowpandax:  0.46785714285714286
Rukawa:  0.5517857142857143
SaroArsten:  0.5678571428571428
Hayato:  0.5714285714285714
Satori:  0.5821428571428572
GyroInmobile:  0.5821428571428572
Penguin:  0.5821428571428572
EruisKawaii:  0.5857142857142857
Sewim:  0.6
ShiroKuro:  0.6160714285714286
MusicDown:  0.6553571428571429
wswsasd:  0.8107142857142857



Who has the ultimate tastes (distance from rank)
asleep:  0.37142857142857144
Shuuka:  0.37142857142857144
oh95:  0.37142857142857144
shadowpandax:  0.45714285714285713
Deafness:  0.5142857142857142
SaroArsten:  0.5428571428571428
EruisKawaii:  0.6
Rukawa:  0.6
Sewim:  0.6571428571428571
ShiroKuro:  0.6571428571428571
GyroInmobile:  0.6571428571428571
Hayato:  0.6857142857142857
Satori:  0.7142857142857143
Penguin:  0.7142857142857143
MusicDown:  0.8857142857142857
wswsasd:  1.0285714285714285

