Who has the ultimate tastes (distance from average)
MusicDown:  0.1625
EruisKawaii:  0.16964285714285715
Zozo:  0.1767857142857143
kar72:  0.18571428571428572
GyroInmobile:  0.18571428571428572
peeku:  0.19464285714285715
Miye:  0.19464285714285715
Deafness:  0.1982142857142857
Rukawa:  0.2
Satori:  0.20535714285714285
oh95:  0.21607142857142858
ShiroKuro:  0.22142857142857142
wswsasd:  0.22142857142857142
Penguinfangirl:  0.2357142857142857
Hayato:  0.24107142857142858
AluX:  0.2767857142857143



Who has the ultimate tastes (distance from rank)
MusicDown:  0.11428571428571428
EruisKawaii:  0.2
Zozo:  0.2
GyroInmobile:  0.2
Penguinfangirl:  0.2
kar72:  0.22857142857142856
Deafness:  0.22857142857142856
Rukawa:  0.22857142857142856
Satori:  0.2571428571428571
peeku:  0.2571428571428571
oh95:  0.2571428571428571
ShiroKuro:  0.2857142857142857
wswsasd:  0.2857142857142857
Miye:  0.2857142857142857
Hayato:  0.34285714285714286
AluX:  0.37142857142857144

