Who has the ultimate tastes (distance from average)
Alsex:  0.16428571428571428
wswsasd:  0.16785714285714284
Kazso:  0.18035714285714285
eggsdee:  0.18214285714285713
chroma69:  0.18214285714285713
kar72:  0.19285714285714287
Deafness:  0.19285714285714287
EruisKawaii:  0.20357142857142857
Kiki:  0.20535714285714285
Miye:  0.20714285714285716
Hayato:  0.21428571428571427
Alisteria:  0.21607142857142858
ShiroKuro:  0.22321428571428573
Shuuka:  0.2392857142857143
Yokipi:  0.24285714285714285
Kamishiro:  0.25357142857142856



Who has the ultimate tastes (distance from rank)
Kiki:  0.2
eggsdee:  0.2
Kazso:  0.2
Hayato:  0.22857142857142856
wswsasd:  0.22857142857142856
chroma69:  0.22857142857142856
Alsex:  0.22857142857142856
EruisKawaii:  0.2571428571428571
kar72:  0.2571428571428571
Yokipi:  0.2571428571428571
Miye:  0.2571428571428571
Deafness:  0.2571428571428571
Shuuka:  0.2571428571428571
ShiroKuro:  0.2857142857142857
Alisteria:  0.3142857142857143
Kamishiro:  0.34285714285714286

