Who has the ultimate tastes (distance from average)
EruisKawaii:  0.3375
Deafness:  0.3678571428571429
SaroArsten:  0.3767857142857143
ShiroKuro:  0.4
chroma69:  0.4375
Konomi:  0.46785714285714286
Steelrocket:  0.475
Satori:  0.4785714285714286
GyroInmobile:  0.5035714285714286
Revel:  0.5035714285714286
eggsdee:  0.5053571428571428
kar72:  0.5267857142857143
wswsasd:  0.5410714285714285
Hayato:  0.5446428571428571
Penguinfangirl:  0.5714285714285714
Kiki:  0.5714285714285714



Who has the ultimate tastes (distance from rank)
SaroArsten:  0.32857142857142857
chroma69:  0.35714285714285715
EruisKawaii:  0.38571428571428573
ShiroKuro:  0.4142857142857143
Deafness:  0.44285714285714284
eggsdee:  0.5
Revel:  0.5285714285714286
Satori:  0.5571428571428572
Konomi:  0.5571428571428572
Hayato:  0.5857142857142857
wswsasd:  0.6142857142857143
Penguinfangirl:  0.6142857142857143
GyroInmobile:  0.6428571428571429
Steelrocket:  0.6428571428571429
kar72:  0.6714285714285714
Kiki:  0.7
