Who has the ultimate tastes (distance from average)
Kazso:  0.12678571428571428
EruisKawaii:  0.13035714285714287
Penguinfangirl:  0.15892857142857142
Zozo:  0.18571428571428572
Miye:  0.19642857142857142
Auriel:  0.1982142857142857
ShiroKuro:  0.20535714285714285
Yokipi:  0.20535714285714285
Steelrocket:  0.21428571428571427
Shuuka:  0.22857142857142856
Rukawa:  0.23035714285714284
Kiki:  0.24285714285714285
wswsasd:  0.25
Anon:  0.25357142857142856
husa:  0.28214285714285714
kar72:  0.3



Who has the ultimate tastes (distance from rank)
EruisKawaii:  0.12857142857142856
Kazso:  0.15714285714285714
Miye:  0.18571428571428572
Zozo:  0.18571428571428572
Penguinfangirl:  0.18571428571428572
ShiroKuro:  0.21428571428571427
Auriel:  0.21428571428571427
Rukawa:  0.24285714285714285
Yokipi:  0.24285714285714285
Anon:  0.2714285714285714
Steelrocket:  0.2714285714285714
Shuuka:  0.2714285714285714
Kiki:  0.3
wswsasd:  0.3
kar72:  0.32857142857142857
husa:  0.32857142857142857
