Who has the ultimate tastes (distance from average)
Deafness:  0.4607142857142857
EruisKawaii:  0.4982142857142857
MusicDown:  0.5071428571428571
asleep:  0.525
ShiroKuro:  0.5285714285714286
Satori:  0.5392857142857143
SaroArsten:  0.5517857142857143
GyroInmobile:  0.5660714285714286
husa:  0.5821428571428572
Rukawa:  0.5875
Shuuka:  0.6303571428571428
likejaxirl:  0.6660714285714285
kar72:  0.7160714285714286
wswsasd:  0.7482142857142857
Hayato:  0.7571428571428571
Penguin:  0.7625



Who has the ultimate tastes (distance from rank)
ShiroKuro:  0.45714285714285713
EruisKawaii:  0.4857142857142857
Deafness:  0.4857142857142857
MusicDown:  0.4857142857142857
asleep:  0.5428571428571428
GyroInmobile:  0.6
husa:  0.6
SaroArsten:  0.6
Satori:  0.6571428571428571
Shuuka:  0.7714285714285715
Rukawa:  0.7714285714285715
likejaxirl:  0.8857142857142857
kar72:  0.9142857142857143
Penguin:  0.9142857142857143
Hayato:  1.0285714285714285
wswsasd:  1.0571428571428572

