Who has the ultimate tastes (distance from average)
kar72:  1.5107142857142857
EruisKawaii:  1.5589285714285714
Jlin2:  1.5607142857142857
Miye:  1.6428571428571428
Satori:  1.6803571428571429
wswsasd:  1.7232142857142858
Deafness:  1.832142857142857
Hayato:  1.8785714285714286
Steelrocket:  1.9392857142857143
ShiroKuro:  2.0160714285714287
Anon:  2.0196428571428573
husa:  2.169642857142857
likejaxirl:  2.1857142857142855
AluX:  2.219642857142857
eggsdee:  2.219642857142857
Kiki:  2.3482142857142856



Who has the ultimate tastes (distance from rank)
EruisKawaii:  1.4857142857142858
Jlin2:  1.4857142857142858
kar72:  1.5142857142857142
Miye:  1.6285714285714286
Satori:  1.7142857142857142
Hayato:  1.8571428571428572
ShiroKuro:  1.8857142857142857
Deafness:  2.0285714285714285
wswsasd:  2.0285714285714285
Steelrocket:  2.0285714285714285
Anon:  2.4285714285714284
likejaxirl:  2.4285714285714284
husa:  2.4857142857142858
eggsdee:  2.5714285714285716
Kiki:  2.6
AluX:  2.6857142857142855
